Reacoes de apoio [N]
[3900.03869981 2899.9433855  1599.93596606]

Deslocamentos [m]
[ 0.          0.          0.00100468 -0.00431158  0.00035974 -0.00466295
  0.0002597  -0.00443911  0.00055854 -0.00463741 -0.0003243  -0.00424762
  0.00116443  0.        ]

Deformacoes []
[-0.00639504 -0.00449303 -0.00377633 -0.00352822 -0.00191123 -0.00075561
  0.00075556  0.0010354   0.00187365  0.00191121  0.00315571]

Forcas internas [N]
[-6484.47054088 -4555.86565301 -3829.14349207 -3577.56557976
 -1937.95408458  -766.17230742   766.12434154  1049.88281934
  1899.8480712   1937.94026902  3199.84323704]

Tensoes internas [Pa]
[-1.23513725e+09 -8.67783934e+08 -7.29360665e+08 -6.81441063e+08
 -3.69134111e+08 -1.45937582e+08  1.45928446e+08  1.99977680e+08
  3.61875823e+08  3.69131480e+08  6.09493950e+08]